This is cutadapt 2.6 with Python 3.7.12
Command line parameters: -a AGATCGGAAGAGCACACGTCTGAACTCCAGTCA -A AGATCGGAAGAGCGTCGTGTAGGGAAAGAGTGT -o v1_2_2B_control_R1.fastq.gz -p v1_2_2B_control_R2.fastq.gz /projects/bgmp/shared/2017_sequencing/demultiplexed/2_2B_control_S2_L008_R1_001.fastq.gz /projects/bgmp/shared/2017_sequencing/demultiplexed/2_2B_control_S2_L008_R2_001.fastq.gz
Processing reads on 1 core in paired-end mode ...
Finished in 352.78 s (61 us/read; 0.99 M reads/minute).

=== Summary ===

Total read pairs processed:          5,830,665
  Read 1 with adapter:                 423,128 (7.3%)
  Read 2 with adapter:                 473,368 (8.1%)
Pairs written (passing filters):     5,830,665 (100.0%)

Total basepairs processed: 1,177,794,330 bp
  Read 1:   588,897,165 bp
  Read 2:   588,897,165 bp
Total written (filtered):  1,160,436,393 bp (98.5%)
  Read 1:   580,299,710 bp
  Read 2:   580,136,683 bp

=== First read: Adapter 1 ===

Sequence: AGATCGGAAGAGCACACGTCTGAACTCCAGTCA; Type: regular 3'; Length: 33; Trimmed: 423128 times.

No. of allowed errors:
0-9 bp: 0; 10-19 bp: 1; 20-29 bp: 2; 30-33 bp: 3

Bases preceding removed adapters:
  A: 16.3%
  C: 27.2%
  G: 33.8%
  T: 14.2%
  none/other: 8.6%

Overview of removed sequences
length	count	expect	max.err	error counts
3	114056	91104.1	0	114056
4	35881	22776.0	0	35881
5	18269	5694.0	0	18269
6	12890	1423.5	0	12890
7	12241	355.9	0	12241
8	11574	89.0	0	11574
9	11036	22.2	0	10927 109
10	10834	5.6	1	10465 369
11	10097	1.4	1	9769 328
12	9550	0.3	1	9300 250
13	8992	0.1	1	8746 246
14	8525	0.0	1	8253 272
15	8117	0.0	1	7873 244
16	7825	0.0	1	7567 258
17	7047	0.0	1	6785 262
18	6853	0.0	1	6602 236 15
19	6440	0.0	1	6215 213 12
20	5949	0.0	2	5701 223 25
21	5581	0.0	2	5355 201 25
22	5132	0.0	2	4891 214 27
23	4871	0.0	2	4655 184 32
24	4544	0.0	2	4350 167 27
25	4337	0.0	2	4125 183 29
26	4083	0.0	2	3860 194 29
27	3617	0.0	2	3408 171 35 3
28	3486	0.0	2	3291 171 18 6
29	3146	0.0	2	2967 145 24 10
30	2940	0.0	3	2767 142 19 12
31	2762	0.0	3	2611 118 28 5
32	2535	0.0	3	2365 141 23 6
33	2282	0.0	3	2139 117 20 6
34	2125	0.0	3	1989 119 12 5
35	2013	0.0	3	1892 103 12 6
36	1885	0.0	3	1780 84 17 4
37	1728	0.0	3	1631 86 9 2
38	1740	0.0	3	1667 65 7 1
39	1651	0.0	3	1563 74 7 7
40	1569	0.0	3	1482 78 6 3
41	1455	0.0	3	1390 53 6 6
42	1315	0.0	3	1244 60 8 3
43	1224	0.0	3	1157 57 7 3
44	1045	0.0	3	975 60 4 6
45	945	0.0	3	887 49 5 4
46	927	0.0	3	883 37 6 1
47	877	0.0	3	840 32 2 3
48	883	0.0	3	835 39 6 3
49	823	0.0	3	785 35 2 1
50	832	0.0	3	793 35 4
51	805	0.0	3	771 25 4 5
52	731	0.0	3	677 48 3 3
53	611	0.0	3	584 23 2 2
54	569	0.0	3	542 23 1 3
55	541	0.0	3	514 24 3
56	433	0.0	3	411 19 3
57	449	0.0	3	425 22 2
58	420	0.0	3	408 11 0 1
59	500	0.0	3	477 22 0 1
60	404	0.0	3	381 17 6
61	420	0.0	3	405 11 4
62	351	0.0	3	329 19 1 2
63	344	0.0	3	323 21
64	296	0.0	3	282 12 2
65	258	0.0	3	252 5 0 1
66	234	0.0	3	223 10 0 1
67	184	0.0	3	173 7 4
68	181	0.0	3	173 7 1
69	149	0.0	3	142 6 1
70	145	0.0	3	141 4
71	109	0.0	3	105 2 1 1
72	80	0.0	3	77 3
73	49	0.0	3	47 2
74	36	0.0	3	34 2
75	23	0.0	3	22 1
76	18	0.0	3	18
77	12	0.0	3	11 1
78	1	0.0	3	1
79	2	0.0	3	2
80	3	0.0	3	2 0 1
81	2	0.0	3	2
82	5	0.0	3	3 1 1
83	1	0.0	3	1
84	1	0.0	3	1
85	3	0.0	3	3
86	1	0.0	3	1
87	4	0.0	3	3 0 1
88	1	0.0	3	1
89	2	0.0	3	2
90	3	0.0	3	2 1
91	3	0.0	3	3
92	2	0.0	3	2
94	1	0.0	3	1
95	1	0.0	3	1
96	1	0.0	3	1
97	1	0.0	3	1
98	3	0.0	3	3
100	3	0.0	3	1 1 1
101	36203	0.0	3	1 33914 2135 153


=== Second read: Adapter 2 ===

Sequence: AGATCGGAAGAGCGTCGTGTAGGGAAAGAGTGT; Type: regular 3'; Length: 33; Trimmed: 473368 times.

No. of allowed errors:
0-9 bp: 0; 10-19 bp: 1; 20-29 bp: 2; 30-33 bp: 3

Bases preceding removed adapters:
  A: 18.9%
  C: 32.2%
  G: 33.9%
  T: 7.3%
  none/other: 7.6%

Overview of removed sequences
length	count	expect	max.err	error counts
3	157191	91104.1	0	157191
4	40137	22776.0	0	40137
5	19678	5694.0	0	19678
6	13483	1423.5	0	13483
7	12349	355.9	0	12349
8	11620	89.0	0	11620
9	11205	22.2	0	10966 239
10	10970	5.6	1	10513 457
11	10216	1.4	1	9866 350
12	9612	0.3	1	9389 223
13	8993	0.1	1	8764 229
14	8558	0.0	1	8339 219
15	8132	0.0	1	7853 279
16	7847	0.0	1	7650 197
17	7066	0.0	1	6831 235
18	6853	0.0	1	6572 271 10
19	6435	0.0	1	6243 183 9
20	5965	0.0	2	5720 206 39
21	5585	0.0	2	5330 229 26
22	5141	0.0	2	4934 188 19
23	4868	0.0	2	4672 167 29
24	4546	0.0	2	4327 184 35
25	4336	0.0	2	4138 167 31
26	4091	0.0	2	3885 174 32
27	3622	0.0	2	3445 145 30 2
28	3495	0.0	2	3317 142 32 4
29	3144	0.0	2	2972 136 35 1
30	2947	0.0	3	2777 146 17 7
31	2755	0.0	3	2566 150 29 10
32	2533	0.0	3	2392 117 17 7
33	2286	0.0	3	2165 97 16 8
34	2131	0.0	3	2010 97 18 6
35	2021	0.0	3	1887 109 16 9
36	1887	0.0	3	1771 98 11 7
37	1717	0.0	3	1638 66 8 5
38	1742	0.0	3	1636 82 12 12
39	1649	0.0	3	1563 66 15 5
40	1579	0.0	3	1498 59 11 11
41	1458	0.0	3	1385 56 11 6
42	1322	0.0	3	1256 43 15 8
43	1231	0.0	3	1170 51 5 5
44	1052	0.0	3	992 55 3 2
45	952	0.0	3	891 52 2 7
46	935	0.0	3	891 32 8 4
47	877	0.0	3	824 34 11 8
48	892	0.0	3	829 50 7 6
49	834	0.0	3	771 56 5 2
50	837	0.0	3	795 38 3 1
51	811	0.0	3	766 36 5 4
52	731	0.0	3	689 27 8 7
53	616	0.0	3	573 35 4 4
54	571	0.0	3	542 20 5 4
55	548	0.0	3	516 26 3 3
56	438	0.0	3	414 20 3 1
57	463	0.0	3	441 18 2 2
58	427	0.0	3	409 13 1 4
59	505	0.0	3	468 33 4
60	412	0.0	3	386 20 2 4
61	424	0.0	3	399 21 1 3
62	356	0.0	3	327 24 3 2
63	349	0.0	3	326 18 2 3
64	303	0.0	3	278 15 5 5
65	267	0.0	3	245 13 5 4
66	237	0.0	3	221 13 1 2
67	186	0.0	3	175 11
68	187	0.0	3	176 10 1
69	155	0.0	3	145 6 1 3
70	148	0.0	3	138 8 2
71	118	0.0	3	108 8 1 1
72	80	0.0	3	73 6 1
73	52	0.0	3	47 4 0 1
74	40	0.0	3	33 3 3 1
75	26	0.0	3	22 2 0 2
76	21	0.0	3	19 1 1
77	16	0.0	3	13 2 1
78	5	0.0	3	2 1 1 1
79	5	0.0	3	4 1
80	3	0.0	3	1 2
81	3	0.0	3	2 0 0 1
82	7	0.0	3	5 1 0 1
83	2	0.0	3	1 0 1
84	1	0.0	3	1
85	4	0.0	3	4
86	1	0.0	3	1
87	4	0.0	3	4
88	1	0.0	3	1
89	2	0.0	3	2
90	2	0.0	3	2
91	3	0.0	3	3
92	2	0.0	3	2
94	1	0.0	3	1
95	1	0.0	3	0 1
96	1	0.0	3	1
97	1	0.0	3	1
98	3	0.0	3	3
100	1	0.0	3	1
101	36053	0.0	3	2 33411 2313 327
