This is cutadapt 2.6 with Python 3.7.12
Command line parameters: -a AGATCGGAAGAGCACACGTCTGAACTCCAGTCA -A AGATCGGAAGAGCGTCGTGTAGGGAAAGAGTGT -o Undetermined_S0_L008_R1.fastq.gz -p Undetermined_S0_L008_R2.fastq.gz /projects/bgmp/shared/2017_sequencing/demultiplexed/Undetermined_S0_L008_R1_001.fastq.gz /projects/bgmp/shared/2017_sequencing/demultiplexed/Undetermined_S0_L008_R2_001.fastq.gz
Processing reads on 1 core in paired-end mode ...
Finished in 1012.48 s (69 us/read; 0.87 M reads/minute).

=== Summary ===

Total read pairs processed:         14,760,166
  Read 1 with adapter:                 543,021 (3.7%)
  Read 2 with adapter:                 607,660 (4.1%)
Pairs written (passing filters):    14,760,166 (100.0%)

Total basepairs processed: 2,981,553,532 bp
  Read 1: 1,490,776,766 bp
  Read 2: 1,490,776,766 bp
Total written (filtered):  2,968,882,654 bp (99.6%)
  Read 1: 1,484,748,135 bp
  Read 2: 1,484,134,519 bp

=== First read: Adapter 1 ===

Sequence: AGATCGGAAGAGCACACGTCTGAACTCCAGTCA; Type: regular 3'; Length: 33; Trimmed: 543021 times.

No. of allowed errors:
0-9 bp: 0; 10-19 bp: 1; 20-29 bp: 2; 30-33 bp: 3

Bases preceding removed adapters:
  A: 21.4%
  C: 29.8%
  G: 31.9%
  T: 15.7%
  none/other: 1.1%

Overview of removed sequences
length	count	expect	max.err	error counts
3	264793	230627.6	0	264793
4	62263	57656.9	0	62263
5	18513	14414.2	0	18513
6	9565	3603.6	0	9565
7	8857	900.9	0	8857
8	8166	225.2	0	8166
9	8179	56.3	0	7962 217
10	8463	14.1	1	7820 643
11	7691	3.5	1	7198 493
12	7423	0.9	1	7019 404
13	7373	0.2	1	6929 444
14	6700	0.1	1	6238 462
15	6402	0.0	1	6022 380
16	6234	0.0	1	5834 400
17	5867	0.0	1	5524 343
18	5573	0.0	1	5205 338 30
19	5416	0.0	1	5031 356 29
20	5199	0.0	2	4761 335 103
21	4884	0.0	2	4501 279 104
22	4719	0.0	2	4334 305 80
23	4565	0.0	2	4174 261 130
24	4412	0.0	2	4001 327 84
25	4119	0.0	2	3767 264 88
26	4020	0.0	2	3644 279 97
27	3815	0.0	2	3472 249 84 10
28	3526	0.0	2	3158 256 80 32
29	3342	0.0	2	2983 222 80 57
30	3164	0.0	3	2759 238 96 71
31	2924	0.0	3	2564 208 92 60
32	2641	0.0	3	2274 240 81 46
33	2586	0.0	3	2151 291 93 51
34	2517	0.0	3	2075 293 90 59
35	2299	0.0	3	1904 253 82 60
36	2251	0.0	3	1884 192 111 64
37	2062	0.0	3	1749 185 74 54
38	1961	0.0	3	1636 189 83 53
39	1858	0.0	3	1572 176 65 45
40	1703	0.0	3	1459 152 57 35
41	1591	0.0	3	1337 143 62 49
42	1537	0.0	3	1305 129 59 44
43	1356	0.0	3	1126 134 62 34
44	1191	0.0	3	1016 104 42 29
45	1113	0.0	3	964 81 48 20
46	1035	0.0	3	867 86 44 38
47	1004	0.0	3	847 81 52 24
48	900	0.0	3	786 69 33 12
49	846	0.0	3	719 78 26 23
50	799	0.0	3	690 65 26 18
51	698	0.0	3	597 58 29 14
52	648	0.0	3	558 58 20 12
53	548	0.0	3	475 42 16 15
54	552	0.0	3	482 42 18 10
55	459	0.0	3	382 47 19 11
56	410	0.0	3	357 28 15 10
57	399	0.0	3	335 43 15 6
58	360	0.0	3	308 29 12 11
59	398	0.0	3	349 24 15 10
60	347	0.0	3	301 27 11 8
61	306	0.0	3	261 27 10 8
62	262	0.0	3	222 26 9 5
63	262	0.0	3	225 19 12 6
64	206	0.0	3	177 18 4 7
65	219	0.0	3	188 16 6 9
66	195	0.0	3	168 16 7 4
67	182	0.0	3	157 19 3 3
68	159	0.0	3	144 10 1 4
69	151	0.0	3	133 10 5 3
70	138	0.0	3	116 11 9 2
71	136	0.0	3	112 16 4 4
72	101	0.0	3	84 8 6 3
73	98	0.0	3	88 8 2
74	86	0.0	3	66 14 4 2
75	48	0.0	3	41 5 1 1
76	47	0.0	3	37 5 4 1
77	41	0.0	3	30 4 5 2
78	52	0.0	3	41 6 2 3
79	33	0.0	3	29 2 1 1
80	28	0.0	3	23 3 1 1
81	29	0.0	3	23 3 3
82	15	0.0	3	15
83	24	0.0	3	17 6 1
84	21	0.0	3	15 6
85	20	0.0	3	16 3 0 1
86	21	0.0	3	16 4 0 1
87	20	0.0	3	14 3 1 2
88	14	0.0	3	11 2 1
89	24	0.0	3	21 1 1 1
90	8	0.0	3	6 1 1
91	16	0.0	3	13 2 1
92	11	0.0	3	5 3 3
93	12	0.0	3	6 1 5
94	10	0.0	3	5 3 1 1
95	16	0.0	3	11 5
96	12	0.0	3	8 2 0 2
97	20	0.0	3	10 2 4 4
98	29	0.0	3	13 2 9 5
99	10	0.0	3	1 1 2 6
100	26	0.0	3	1 0 4 21
101	7677	0.0	3	8 6238 1093 338


=== Second read: Adapter 2 ===

Sequence: AGATCGGAAGAGCGTCGTGTAGGGAAAGAGTGT; Type: regular 3'; Length: 33; Trimmed: 607660 times.

No. of allowed errors:
0-9 bp: 0; 10-19 bp: 1; 20-29 bp: 2; 30-33 bp: 3

Bases preceding removed adapters:
  A: 23.7%
  C: 30.4%
  G: 33.5%
  T: 11.0%
  none/other: 1.3%

Overview of removed sequences
length	count	expect	max.err	error counts
3	304354	230627.6	0	304354
4	69798	57656.9	0	69798
5	20224	14414.2	0	20224
6	11048	3603.6	0	11048
7	9400	900.9	0	9400
8	8578	225.2	0	8578
9	8687	56.3	0	8358 329
10	9045	14.1	1	8236 809
11	8202	3.5	1	7572 630
12	7797	0.9	1	7360 437
13	7726	0.2	1	7304 422
14	7094	0.1	1	6690 404
15	6832	0.0	1	6400 432
16	6671	0.0	1	6339 332
17	6239	0.0	1	5891 348
18	5898	0.0	1	5543 339 16
19	5783	0.0	1	5464 299 20
20	5579	0.0	2	5152 279 148
21	5234	0.0	2	4823 292 119
22	5040	0.0	2	4616 311 113
23	4896	0.0	2	4542 230 124
24	4706	0.0	2	4344 275 87
25	4406	0.0	2	4037 252 117
26	4324	0.0	2	3951 272 101
27	4087	0.0	2	3767 228 91 1
28	3796	0.0	2	3429 264 89 14
29	3571	0.0	2	3228 248 78 17
30	3410	0.0	3	3013 269 77 51
31	3132	0.0	3	2692 267 109 64
32	2895	0.0	3	2458 294 81 62
33	2781	0.0	3	2335 289 97 60
34	2728	0.0	3	2335 252 79 62
35	2497	0.0	3	2107 236 84 70
36	2428	0.0	3	2048 221 91 68
37	2219	0.0	3	1874 213 72 60
38	2128	0.0	3	1778 211 81 58
39	2010	0.0	3	1669 220 77 44
40	1835	0.0	3	1545 161 67 62
41	1736	0.0	3	1465 169 52 50
42	1670	0.0	3	1405 156 58 51
43	1499	0.0	3	1249 146 60 44
44	1306	0.0	3	1099 126 38 43
45	1226	0.0	3	1016 134 40 36
46	1135	0.0	3	965 101 37 32
47	1102	0.0	3	913 118 38 33
48	994	0.0	3	849 80 35 30
49	936	0.0	3	778 88 38 32
50	895	0.0	3	728 94 38 35
51	803	0.0	3	659 84 31 29
52	727	0.0	3	607 68 28 24
53	631	0.0	3	522 53 31 25
54	638	0.0	3	537 59 23 19
55	543	0.0	3	442 58 20 23
56	505	0.0	3	406 59 22 18
57	466	0.0	3	368 57 17 24
58	436	0.0	3	351 51 20 14
59	482	0.0	3	389 41 30 22
60	418	0.0	3	327 50 24 17
61	366	0.0	3	292 41 17 16
62	337	0.0	3	262 36 22 17
63	314	0.0	3	249 32 22 11
64	272	0.0	3	218 30 13 11
65	261	0.0	3	209 33 13 6
66	251	0.0	3	199 26 10 16
67	234	0.0	3	183 31 11 9
68	210	0.0	3	167 25 9 9
69	198	0.0	3	156 20 11 11
70	174	0.0	3	140 23 4 7
71	181	0.0	3	142 14 12 13
72	144	0.0	3	98 20 11 15
73	141	0.0	3	106 18 10 7
74	120	0.0	3	86 15 15 4
75	95	0.0	3	59 21 7 8
76	81	0.0	3	58 14 5 4
77	73	0.0	3	44 16 6 7
78	75	0.0	3	58 12 0 5
79	64	0.0	3	40 11 5 8
80	56	0.0	3	39 7 4 6
81	49	0.0	3	32 9 2 6
82	41	0.0	3	28 8 4 1
83	49	0.0	3	29 6 10 4
84	36	0.0	3	26 2 1 7
85	39	0.0	3	20 11 4 4
86	33	0.0	3	17 9 1 6
87	27	0.0	3	15 7 3 2
88	20	0.0	3	13 1 3 3
89	35	0.0	3	22 6 4 3
90	16	0.0	3	5 4 3 4
91	22	0.0	3	14 4 2 2
92	17	0.0	3	8 3 5 1
93	21	0.0	3	8 3 2 8
94	17	0.0	3	7 1 2 7
95	28	0.0	3	11 7 6 4
96	30	0.0	3	8 3 12 7
97	32	0.0	3	8 4 10 10
98	39	0.0	3	11 4 12 12
99	35	0.0	3	8 2 5 20
100	56	0.0	3	1 3 16 36
101	8145	0.0	3	226 6196 1352 371
